Output of the script 2

scale [0.25 0.25 1.   1.   1.   1.   1.   1.   1.   1.   1.   1.   1.   1.
 1.   1.   1.   1.  ]
min [-0.25 -0.25  0.    0.    0.    0.    0.    0.    0.    0.    0.    0.
  0.    0.    0.    0.    0.    0.  ]
Coefficients: 
[6275.955939481539, 5290.613736950816, 4040.902121548679, 5289.763956897072, 2307.5390080719453, 1990.5321471813845, 2562.917588243827, 2471.677334948594, 924.6031650567779, 786.0304995874606, 1024.0330560269558, 965.3942759604929, 809.3222696778698, 1038.3928133567522, 813.7329283513352, 815.1351135657742, 1158.6029002823527, 1003.419056579979]
Mean squared error: 9039978755.40

Coefficient of determination: -12.42
